     10.000000
1816200.000000
     16.000000
      1.000000
      3.000000
    250.000000
    250.000000
    250.000000
    250.000000
    250.000000
    250.000000
    250.000000
    250.000000
    250.000000
    250.000000
    250.000000
    250.000000
    250.000000
    250.000000
    250.000000
    250.000000
      5.000000
      5.000000
      7.071068
      5.000000
      5.000000
      7.071068
      5.000000
      5.000000
      5.000000
      5.000000
      7.071068
      5.000000
      7.071068
      5.000000
      5.000000
      5.000000
      4.712389
      0.000000
      0.785398
      4.712389
      0.000000
     -0.785398
      3.141593
      1.570796
      0.000000
      1.570796
     -0.785398
      0.000000
      0.785398
      3.141593
      1.570796
      1.570796
      1.000000
      3.000000
      0.000000
      1.000000
      0.000000
      0.000000
      4.000000
      0.000000
      3.000000
      0.000000
      0.000000
      0.000000
      0.000000
      4.000000
      2.000000
      2.000000
      1.000000
      1.000000
      1.000000
      2.000000
      2.000000
      3.000000
      3.000000
      4.000000
      4.000000
      5.000000
      5.000000
      5.000000
      5.000000
      6.000000
      7.000000
      8.000000
      2.000000
      4.000000
      5.000000
      3.000000
      5.000000
      5.000000
      6.000000
      5.000000
      7.000000
      6.000000
      7.000000
      8.000000
      9.000000
      9.000000
      8.000000
      9.000000
